         235
          91
          61
          37
          13
         243
          43
         213
          68
         195
          60
          66
          16
          38
         211
          74
          66
         162
         149
         102
         120
          58
         104
          52
         144
         193
          21
         167
         120
         243
         253
          92
         161
         203
         113
         116
         165
         159
         163
         214
         194
         225
         140
          83
          90
          10
          97
         144
         241
          36
         153
         187
         112
         124
          76
         199
          57
          10
         116
         226
         203
          88
         227
          18
          20
         110
         151
         195
          67
         128
         133
          71
         225
         219
         204
         221
          36
          64
           2
         171
          14
           5
          37
          65
         242
         122
         180
         181
          71
         251
         122
          34
         142
         188
          71
         239
         174
         186
         157
         255
         114
          30
         103
         222
         253
         182
          21
         101
         182
         127
         188
          50
         160
          31
          92
         201
          62
         173
         122
         169
          52
         131
          23
         246
         124
         108
         105
          96
         161
         202
          40
          94
         195
         186
         213
         163
          63
         106
         224
           7
         124
         167
         196
         248
         173
         216
          64
          80
          79
         110
